hex
3a805c4b
3f000000
3cb018ca
36004000
0
8000
3f7a3442
e400c000
0
10000
0
14000
0
18000
0
1c000
0
20000
383fc971
ca800000
384d6078
64804000
ba6fbbce
3ca04000
3887e642
9c40000
ba6fbbce
3c000000
bcb00d30
37004000
0
8000
bf7a2336
8100c000
0
10000
0
14000
0
18000
0
1c000
0
20000
3f7ff363
75800000
b83fc971
ca804000
3b7c3ad2
64a04000
3b404bde
d5c40000
0
0
0
0
0
0
0
0
0
0
0
0
0
0
0
0
0
0
0
0
0
0
0
0
0
0
0
0
0
0
0
0
0
0
0
0
0
0
0
0
0
0
0
0
0
0
0
0
0
0
0
0
0
0
0
0
0
0
0
0
0
0
0
0
0
0
0
0
0
0
0
0
0
0
0
0
0
0
0
0
0
0
0
0
0
0
0
0
0
0
0
0
0
0
0
0
0
0
0
0
0
0
0
0
0
0
0
0
0
0
0
0
0
0
0
0
0
0
0
0
0
0
0
0
0
0
0
0
0
0
0
0
0
0
0
0
0
0
0
0
0
0
3a8053f2
4e000000
3cb018cb
7e004000
3a03375c
a2008000
3f7a3444
f800c000
0
10000
0
14000
0
18000
0
1c000
0
20000
0
24000
383fc972
41800000
384d6078
f5804000
ba6fbbce
d2a04000
3887e643
6c40000
ba6fad2e
d0000000
bcb00d31
53004000
b9f4bd90
bf008000
bf7a2338
5300c000
0
10000
0
14000
0
18000
0
1c000
0
20000
3f7ff363
75800000
b83fc972
41804000
3b7c3ad2
83a04000
3b404bde
cec40000
0
0
3a8053f2
4e000000
3cb018cb
7e004000
3a03375c
a2008000
3f7a3444
f800c000
0
10000
0
14000
0
18000
0
1c000
0
20000
0
24000
383fc972
41800000
384d6078
f5804000
ba6fbbce
d2a04000
3887e643
6c40000
ba6fad2e
d0000000
bcb00d31
53004000
b9f4bd90
bf008000
bf7a2338
5300c000
0
10000
0
14000
0
18000
0
1c000
0
20000
3f7ff363
75800000
b83fc972
41804000
3b7c3ad2
83a04000
3b404bde
cec40000
0
0
3f7fdf2d
f4000000
bc3796a8
a8004000
0
8000
bf02ccc5
e000c000
0
10000
0
14000
0
18000
0
1c000
b7c3e26a
d1800000
b7d20d18
43804000
39f4db05
85a04000
bf800000
a08000
b80daac6
75c40000
0
0
0
0
0
0
0
0
0
0
0
0
0
0
0
0
0
0
0
0
0
0
0
0
0
0
0
0
bf7fdf2d
f4000000
3c3796a8
a8004000
0
8000
3f02ccc5
e000c000
0
10000
0
14000
0
18000
0
1c000
37c3e26a
d1800000
37d20d18
43804000
b9f4db05
85a04000
bf800000
a08000
380daac6
75c40000
0
0
0
0
0
0
0
0
0
0
0
0
0
0
0
0
0
0
0
0
0
0
0
0
0
0
0
0
bf7fdf2d
f4000000
3c3796a8
a8004000
0
8000
3f02ccc5
e000c000
0
10000
0
14000
0
18000
0
1c000
37c3e26a
d1800000
37d20d18
43804000
b9f4db05
85a04000
bf800000
a08000
380daac6
75c40000
0
0
0
0
0
0
0
0
0
0
0
0
0
0
0
0
0
0
0
0
0
0
0
0
0
0
0
0
3f7fdf2d
f4000000
bc3796a8
a8004000
0
8000
bf02ccc5
e000c000
0
10000
0
14000
0
18000
0
1c000
b7c3e26a
d1800000
b7d20d18
43804000
39f4db05
85a04000
bf800000
a08000
b80daac6
75c40000
0
0
0
0
0
0
0
0
0
0
0
0
0
0
0
0
0
0
0
0
0
0
0
0
0
0
0
0
3a8053f2
4e000000
3cb018cb
7e004000
3a03375c
a2008000
3f7a3444
f800c000
0
10000
0
14000
0
18000
0
1c000
0
20000
0
24000
383fc972
41800000
384d6078
f5804000
ba6fbbce
d2a04000
3887e643
6c40000
ba6fad2e
d0000000
bcb00d31
53004000
b9f4bd90
bf008000
bf7a2338
5300c000
0
10000
0
14000
0
18000
0
1c000
0
20000
3f7ff363
75800000
b83fc972
41804000
3b7c3ad2
83a04000
3b404bde
cec40000
0
0
0
0
0
0
0
0
0
0
0
0
0
0
0
0
0
0
0
0
0
0
0
0
0
0
0
0
0
0
0
0
